1, 37, 38, 
2, 38, 39, 
3, 39, 40, 
4, 40, 41, 
5, 41, 42, 
6, 42, 43, 
7, 43, 44, 
8, 44, 45, 
9, 45, 46, 
10, 46, 47, 
11, 47, 48, 
12, 48, 49, 
13, 49, 50, 
14, 50, 51, 
15, 51, 52, 
16, 52, 53, 
17, 53, 54, 
18, 54, 55, 
19, 55, 56, 
20, 56, 57, 
21, 57, 58, 
22, 58, 59, 
23, 59, 60, 
24, 60, 61, 
25, 61, 62, 
26, 62, 63, 
27, 63, 64, 
28, 64, 65, 
29, 65, 66, 
30, 66, 67, 
31, 67, 68, 
32, 68, 69, 
33, 69, 70, 
34, 70, 71, 
35, 71, 72, 
36, 72, 73, 
37, 74, 38, 
38, 74, 75, 
38, 75, 39, 
39, 75, 76, 
39, 76, 40, 
40, 76, 77, 
40, 77, 41, 
41, 77, 78, 
41, 78, 42, 
42, 78, 79, 
42, 79, 43, 
43, 79, 80, 
43, 80, 44, 
44, 80, 81, 
44, 81, 45, 
45, 81, 82, 
45, 82, 46, 
46, 82, 83, 
46, 83, 47, 
47, 83, 84, 
47, 84, 48, 
48, 84, 85, 
48, 85, 49, 
49, 85, 86, 
49, 86, 50, 
50, 86, 87, 
50, 87, 51, 
51, 87, 88, 
51, 88, 52, 
52, 88, 89, 
52, 89, 53, 
53, 89, 90, 
53, 90, 54, 
54, 90, 91, 
54, 91, 55, 
55, 91, 92, 
55, 92, 56, 
56, 92, 93, 
56, 93, 57, 
57, 93, 94, 
57, 94, 58, 
58, 94, 95, 
58, 95, 59, 
59, 95, 96, 
59, 96, 60, 
60, 96, 97, 
60, 97, 61, 
61, 97, 98, 
61, 98, 62, 
62, 98, 99, 
62, 99, 63, 
63, 99, 100, 
63, 100, 64, 
64, 100, 101, 
64, 101, 65, 
65, 101, 102, 
65, 102, 66, 
66, 102, 103, 
66, 103, 67, 
67, 103, 104, 
67, 104, 68, 
68, 104, 105, 
68, 105, 69, 
69, 105, 106, 
69, 106, 70, 
70, 106, 107, 
70, 107, 71, 
71, 107, 108, 
71, 108, 72, 
72, 108, 109, 
72, 109, 73, 
73, 109, 110, 
74, 111, 75, 
75, 111, 112, 
75, 112, 76, 
76, 112, 113, 
76, 113, 77, 
77, 113, 114, 
77, 114, 78, 
78, 114, 115, 
78, 115, 79, 
79, 115, 116, 
79, 116, 80, 
80, 116, 117, 
80, 117, 81, 
81, 117, 118, 
81, 118, 82, 
82, 118, 119, 
82, 119, 83, 
83, 119, 120, 
83, 120, 84, 
84, 120, 121, 
84, 121, 85, 
85, 121, 122, 
85, 122, 86, 
86, 122, 123, 
86, 123, 87, 
87, 123, 124, 
87, 124, 88, 
88, 124, 125, 
88, 125, 89, 
89, 125, 126, 
89, 126, 90, 
90, 126, 127, 
90, 127, 91, 
91, 127, 128, 
91, 128, 92, 
92, 128, 129, 
92, 129, 93, 
93, 129, 130, 
93, 130, 94, 
94, 130, 131, 
94, 131, 95, 
95, 131, 132, 
95, 132, 96, 
96, 132, 133, 
96, 133, 97, 
97, 133, 134, 
97, 134, 98, 
98, 134, 135, 
98, 135, 99, 
99, 135, 136, 
99, 136, 100, 
100, 136, 137, 
100, 137, 101, 
101, 137, 138, 
101, 138, 102, 
102, 138, 139, 
102, 139, 103, 
103, 139, 140, 
103, 140, 104, 
104, 140, 141, 
104, 141, 105, 
105, 141, 142, 
105, 142, 106, 
106, 142, 143, 
106, 143, 107, 
107, 143, 144, 
107, 144, 108, 
108, 144, 145, 
108, 145, 109, 
109, 145, 146, 
109, 146, 110, 
110, 146, 147, 
111, 148, 112, 
112, 148, 149, 
112, 149, 113, 
113, 149, 150, 
113, 150, 114, 
114, 150, 151, 
114, 151, 115, 
115, 151, 152, 
115, 152, 116, 
116, 152, 153, 
116, 153, 117, 
117, 153, 154, 
117, 154, 118, 
118, 154, 155, 
118, 155, 119, 
119, 155, 156, 
119, 156, 120, 
120, 156, 157, 
120, 157, 121, 
121, 157, 158, 
121, 158, 122, 
122, 158, 159, 
122, 159, 123, 
123, 159, 160, 
123, 160, 124, 
124, 160, 161, 
124, 161, 125, 
125, 161, 162, 
125, 162, 126, 
126, 162, 163, 
126, 163, 127, 
127, 163, 164, 
127, 164, 128, 
128, 164, 165, 
128, 165, 129, 
129, 165, 166, 
129, 166, 130, 
130, 166, 167, 
130, 167, 131, 
131, 167, 168, 
131, 168, 132, 
132, 168, 169, 
132, 169, 133, 
133, 169, 170, 
133, 170, 134, 
134, 170, 171, 
134, 171, 135, 
135, 171, 172, 
135, 172, 136, 
136, 172, 173, 
136, 173, 137, 
137, 173, 174, 
137, 174, 138, 
138, 174, 175, 
138, 175, 139, 
139, 175, 176, 
139, 176, 140, 
140, 176, 177, 
140, 177, 141, 
141, 177, 178, 
141, 178, 142, 
142, 178, 179, 
142, 179, 143, 
143, 179, 180, 
143, 180, 144, 
144, 180, 181, 
144, 181, 145, 
145, 181, 182, 
145, 182, 146, 
146, 182, 183, 
146, 183, 147, 
147, 183, 184, 
148, 185, 149, 
149, 185, 186, 
149, 186, 150, 
150, 186, 187, 
150, 187, 151, 
151, 187, 188, 
151, 188, 152, 
152, 188, 189, 
152, 189, 153, 
153, 189, 190, 
153, 190, 154, 
154, 190, 191, 
154, 191, 155, 
155, 191, 192, 
155, 192, 156, 
156, 192, 193, 
156, 193, 157, 
157, 193, 194, 
157, 194, 158, 
158, 194, 195, 
158, 195, 159, 
159, 195, 196, 
159, 196, 160, 
160, 196, 197, 
160, 197, 161, 
161, 197, 198, 
161, 198, 162, 
162, 198, 199, 
162, 199, 163, 
163, 199, 200, 
163, 200, 164, 
164, 200, 201, 
164, 201, 165, 
165, 201, 202, 
165, 202, 166, 
166, 202, 203, 
166, 203, 167, 
167, 203, 204, 
167, 204, 168, 
168, 204, 205, 
168, 205, 169, 
169, 205, 206, 
169, 206, 170, 
170, 206, 207, 
170, 207, 171, 
171, 207, 208, 
171, 208, 172, 
172, 208, 209, 
172, 209, 173, 
173, 209, 210, 
173, 210, 174, 
174, 210, 211, 
174, 211, 175, 
175, 211, 212, 
175, 212, 176, 
176, 212, 213, 
176, 213, 177, 
177, 213, 214, 
177, 214, 178, 
178, 214, 215, 
178, 215, 179, 
179, 215, 216, 
179, 216, 180, 
180, 216, 217, 
180, 217, 181, 
181, 217, 218, 
181, 218, 182, 
182, 218, 219, 
182, 219, 183, 
183, 219, 220, 
183, 220, 184, 
184, 220, 221, 
185, 222, 186, 
186, 222, 223, 
186, 223, 187, 
187, 223, 224, 
187, 224, 188, 
188, 224, 225, 
188, 225, 189, 
189, 225, 226, 
189, 226, 190, 
190, 226, 227, 
190, 227, 191, 
191, 227, 228, 
191, 228, 192, 
192, 228, 229, 
192, 229, 193, 
193, 229, 230, 
193, 230, 194, 
194, 230, 231, 
194, 231, 195, 
195, 231, 232, 
195, 232, 196, 
196, 232, 233, 
196, 233, 197, 
197, 233, 234, 
197, 234, 198, 
198, 234, 235, 
198, 235, 199, 
199, 235, 236, 
199, 236, 200, 
200, 236, 237, 
200, 237, 201, 
201, 237, 238, 
201, 238, 202, 
202, 238, 239, 
202, 239, 203, 
203, 239, 240, 
203, 240, 204, 
204, 240, 241, 
204, 241, 205, 
205, 241, 242, 
205, 242, 206, 
206, 242, 243, 
206, 243, 207, 
207, 243, 244, 
207, 244, 208, 
208, 244, 245, 
208, 245, 209, 
209, 245, 246, 
209, 246, 210, 
210, 246, 247, 
210, 247, 211, 
211, 247, 248, 
211, 248, 212, 
212, 248, 249, 
212, 249, 213, 
213, 249, 250, 
213, 250, 214, 
214, 250, 251, 
214, 251, 215, 
215, 251, 252, 
215, 252, 216, 
216, 252, 253, 
216, 253, 217, 
217, 253, 254, 
217, 254, 218, 
218, 254, 255, 
218, 255, 219, 
219, 255, 256, 
219, 256, 220, 
220, 256, 257, 
220, 257, 221, 
221, 257, 258, 
222, 259, 223, 
223, 259, 260, 
223, 260, 224, 
224, 260, 261, 
224, 261, 225, 
225, 261, 262, 
225, 262, 226, 
226, 262, 263, 
226, 263, 227, 
227, 263, 264, 
227, 264, 228, 
228, 264, 265, 
228, 265, 229, 
229, 265, 266, 
229, 266, 230, 
230, 266, 267, 
230, 267, 231, 
231, 267, 268, 
231, 268, 232, 
232, 268, 269, 
232, 269, 233, 
233, 269, 270, 
233, 270, 234, 
234, 270, 271, 
234, 271, 235, 
235, 271, 272, 
235, 272, 236, 
236, 272, 273, 
236, 273, 237, 
237, 273, 274, 
237, 274, 238, 
238, 274, 275, 
238, 275, 239, 
239, 275, 276, 
239, 276, 240, 
240, 276, 277, 
240, 277, 241, 
241, 277, 278, 
241, 278, 242, 
242, 278, 279, 
242, 279, 243, 
243, 279, 280, 
243, 280, 244, 
244, 280, 281, 
244, 281, 245, 
245, 281, 282, 
245, 282, 246, 
246, 282, 283, 
246, 283, 247, 
247, 283, 284, 
247, 284, 248, 
248, 284, 285, 
248, 285, 249, 
249, 285, 286, 
249, 286, 250, 
250, 286, 287, 
250, 287, 251, 
251, 287, 288, 
251, 288, 252, 
252, 288, 289, 
252, 289, 253, 
253, 289, 290, 
253, 290, 254, 
254, 290, 291, 
254, 291, 255, 
255, 291, 292, 
255, 292, 256, 
256, 292, 293, 
256, 293, 257, 
257, 293, 294, 
257, 294, 258, 
258, 294, 295, 
259, 296, 260, 
260, 296, 297, 
260, 297, 261, 
261, 297, 298, 
261, 298, 262, 
262, 298, 299, 
262, 299, 263, 
263, 299, 300, 
263, 300, 264, 
264, 300, 301, 
264, 301, 265, 
265, 301, 302, 
265, 302, 266, 
266, 302, 303, 
266, 303, 267, 
267, 303, 304, 
267, 304, 268, 
268, 304, 305, 
268, 305, 269, 
269, 305, 306, 
269, 306, 270, 
270, 306, 307, 
270, 307, 271, 
271, 307, 308, 
271, 308, 272, 
272, 308, 309, 
272, 309, 273, 
273, 309, 310, 
273, 310, 274, 
274, 310, 311, 
274, 311, 275, 
275, 311, 312, 
275, 312, 276, 
276, 312, 313, 
276, 313, 277, 
277, 313, 314, 
277, 314, 278, 
278, 314, 315, 
278, 315, 279, 
279, 315, 316, 
279, 316, 280, 
280, 316, 317, 
280, 317, 281, 
281, 317, 318, 
281, 318, 282, 
282, 318, 319, 
282, 319, 283, 
283, 319, 320, 
283, 320, 284, 
284, 320, 321, 
284, 321, 285, 
285, 321, 322, 
285, 322, 286, 
286, 322, 323, 
286, 323, 287, 
287, 323, 324, 
287, 324, 288, 
288, 324, 325, 
288, 325, 289, 
289, 325, 326, 
289, 326, 290, 
290, 326, 327, 
290, 327, 291, 
291, 327, 328, 
291, 328, 292, 
292, 328, 329, 
292, 329, 293, 
293, 329, 330, 
293, 330, 294, 
294, 330, 331, 
294, 331, 295, 
295, 331, 332, 
296, 333, 297, 
297, 333, 334, 
297, 334, 298, 
298, 334, 335, 
298, 335, 299, 
299, 335, 336, 
299, 336, 300, 
300, 336, 337, 
300, 337, 301, 
301, 337, 338, 
301, 338, 302, 
302, 338, 339, 
302, 339, 303, 
303, 339, 340, 
303, 340, 304, 
304, 340, 341, 
304, 341, 305, 
305, 341, 342, 
305, 342, 306, 
306, 342, 343, 
306, 343, 307, 
307, 343, 344, 
307, 344, 308, 
308, 344, 345, 
308, 345, 309, 
309, 345, 346, 
309, 346, 310, 
310, 346, 347, 
310, 347, 311, 
311, 347, 348, 
311, 348, 312, 
312, 348, 349, 
312, 349, 313, 
313, 349, 350, 
313, 350, 314, 
314, 350, 351, 
314, 351, 315, 
315, 351, 352, 
315, 352, 316, 
316, 352, 353, 
316, 353, 317, 
317, 353, 354, 
317, 354, 318, 
318, 354, 355, 
318, 355, 319, 
319, 355, 356, 
319, 356, 320, 
320, 356, 357, 
320, 357, 321, 
321, 357, 358, 
321, 358, 322, 
322, 358, 359, 
322, 359, 323, 
323, 359, 360, 
323, 360, 324, 
324, 360, 361, 
324, 361, 325, 
325, 361, 362, 
325, 362, 326, 
326, 362, 363, 
326, 363, 327, 
327, 363, 364, 
327, 364, 328, 
328, 364, 365, 
328, 365, 329, 
329, 365, 366, 
329, 366, 330, 
330, 366, 367, 
330, 367, 331, 
331, 367, 368, 
331, 368, 332, 
332, 368, 369, 
333, 370, 334, 
334, 370, 371, 
334, 371, 335, 
335, 371, 372, 
335, 372, 336, 
336, 372, 373, 
336, 373, 337, 
337, 373, 374, 
337, 374, 338, 
338, 374, 375, 
338, 375, 339, 
339, 375, 376, 
339, 376, 340, 
340, 376, 377, 
340, 377, 341, 
341, 377, 378, 
341, 378, 342, 
342, 378, 379, 
342, 379, 343, 
343, 379, 380, 
343, 380, 344, 
344, 380, 381, 
344, 381, 345, 
345, 381, 382, 
345, 382, 346, 
346, 382, 383, 
346, 383, 347, 
347, 383, 384, 
347, 384, 348, 
348, 384, 385, 
348, 385, 349, 
349, 385, 386, 
349, 386, 350, 
350, 386, 387, 
350, 387, 351, 
351, 387, 388, 
351, 388, 352, 
352, 388, 389, 
352, 389, 353, 
353, 389, 390, 
353, 390, 354, 
354, 390, 391, 
354, 391, 355, 
355, 391, 392, 
355, 392, 356, 
356, 392, 393, 
356, 393, 357, 
357, 393, 394, 
357, 394, 358, 
358, 394, 395, 
358, 395, 359, 
359, 395, 396, 
359, 396, 360, 
360, 396, 397, 
360, 397, 361, 
361, 397, 398, 
361, 398, 362, 
362, 398, 399, 
362, 399, 363, 
363, 399, 400, 
363, 400, 364, 
364, 400, 401, 
364, 401, 365, 
365, 401, 402, 
365, 402, 366, 
366, 402, 403, 
366, 403, 367, 
367, 403, 404, 
367, 404, 368, 
368, 404, 405, 
368, 405, 369, 
369, 405, 406, 
370, 407, 371, 
371, 407, 408, 
371, 408, 372, 
372, 408, 409, 
372, 409, 373, 
373, 409, 410, 
373, 410, 374, 
374, 410, 411, 
374, 411, 375, 
375, 411, 412, 
375, 412, 376, 
376, 412, 413, 
376, 413, 377, 
377, 413, 414, 
377, 414, 378, 
378, 414, 415, 
378, 415, 379, 
379, 415, 416, 
379, 416, 380, 
380, 416, 417, 
380, 417, 381, 
381, 417, 418, 
381, 418, 382, 
382, 418, 419, 
382, 419, 383, 
383, 419, 420, 
383, 420, 384, 
384, 420, 421, 
384, 421, 385, 
385, 421, 422, 
385, 422, 386, 
386, 422, 423, 
386, 423, 387, 
387, 423, 424, 
387, 424, 388, 
388, 424, 425, 
388, 425, 389, 
389, 425, 426, 
389, 426, 390, 
390, 426, 427, 
390, 427, 391, 
391, 427, 428, 
391, 428, 392, 
392, 428, 429, 
392, 429, 393, 
393, 429, 430, 
393, 430, 394, 
394, 430, 431, 
394, 431, 395, 
395, 431, 432, 
395, 432, 396, 
396, 432, 433, 
396, 433, 397, 
397, 433, 434, 
397, 434, 398, 
398, 434, 435, 
398, 435, 399, 
399, 435, 436, 
399, 436, 400, 
400, 436, 437, 
400, 437, 401, 
401, 437, 438, 
401, 438, 402, 
402, 438, 439, 
402, 439, 403, 
403, 439, 440, 
403, 440, 404, 
404, 440, 441, 
404, 441, 405, 
405, 441, 442, 
405, 442, 406, 
406, 442, 443, 
407, 444, 408, 
408, 444, 445, 
408, 445, 409, 
409, 445, 446, 
409, 446, 410, 
410, 446, 447, 
410, 447, 411, 
411, 447, 448, 
411, 448, 412, 
412, 448, 449, 
412, 449, 413, 
413, 449, 450, 
413, 450, 414, 
414, 450, 451, 
414, 451, 415, 
415, 451, 452, 
415, 452, 416, 
416, 452, 453, 
416, 453, 417, 
417, 453, 454, 
417, 454, 418, 
418, 454, 455, 
418, 455, 419, 
419, 455, 456, 
419, 456, 420, 
420, 456, 457, 
420, 457, 421, 
421, 457, 458, 
421, 458, 422, 
422, 458, 459, 
422, 459, 423, 
423, 459, 460, 
423, 460, 424, 
424, 460, 461, 
424, 461, 425, 
425, 461, 462, 
425, 462, 426, 
426, 462, 463, 
426, 463, 427, 
427, 463, 464, 
427, 464, 428, 
428, 464, 465, 
428, 465, 429, 
429, 465, 466, 
429, 466, 430, 
430, 466, 467, 
430, 467, 431, 
431, 467, 468, 
431, 468, 432, 
432, 468, 469, 
432, 469, 433, 
433, 469, 470, 
433, 470, 434, 
434, 470, 471, 
434, 471, 435, 
435, 471, 472, 
435, 472, 436, 
436, 472, 473, 
436, 473, 437, 
437, 473, 474, 
437, 474, 438, 
438, 474, 475, 
438, 475, 439, 
439, 475, 476, 
439, 476, 440, 
440, 476, 477, 
440, 477, 441, 
441, 477, 478, 
441, 478, 442, 
442, 478, 479, 
442, 479, 443, 
443, 479, 480, 
444, 481, 445, 
445, 481, 482, 
445, 482, 446, 
446, 482, 483, 
446, 483, 447, 
447, 483, 484, 
447, 484, 448, 
448, 484, 485, 
448, 485, 449, 
449, 485, 486, 
449, 486, 450, 
450, 486, 487, 
450, 487, 451, 
451, 487, 488, 
451, 488, 452, 
452, 488, 489, 
452, 489, 453, 
453, 489, 490, 
453, 490, 454, 
454, 490, 491, 
454, 491, 455, 
455, 491, 492, 
455, 492, 456, 
456, 492, 493, 
456, 493, 457, 
457, 493, 494, 
457, 494, 458, 
458, 494, 495, 
458, 495, 459, 
459, 495, 496, 
459, 496, 460, 
460, 496, 497, 
460, 497, 461, 
461, 497, 498, 
461, 498, 462, 
462, 498, 499, 
462, 499, 463, 
463, 499, 500, 
463, 500, 464, 
464, 500, 501, 
464, 501, 465, 
465, 501, 502, 
465, 502, 466, 
466, 502, 503, 
466, 503, 467, 
467, 503, 504, 
467, 504, 468, 
468, 504, 505, 
468, 505, 469, 
469, 505, 506, 
469, 506, 470, 
470, 506, 507, 
470, 507, 471, 
471, 507, 508, 
471, 508, 472, 
472, 508, 509, 
472, 509, 473, 
473, 509, 510, 
473, 510, 474, 
474, 510, 511, 
474, 511, 475, 
475, 511, 512, 
475, 512, 476, 
476, 512, 513, 
476, 513, 477, 
477, 513, 514, 
477, 514, 478, 
478, 514, 515, 
478, 515, 479, 
479, 515, 516, 
479, 516, 480, 
480, 516, 517, 
481, 518, 482, 
482, 518, 519, 
482, 519, 483, 
483, 519, 520, 
483, 520, 484, 
484, 520, 521, 
484, 521, 485, 
485, 521, 522, 
485, 522, 486, 
486, 522, 523, 
486, 523, 487, 
487, 523, 524, 
487, 524, 488, 
488, 524, 525, 
488, 525, 489, 
489, 525, 526, 
489, 526, 490, 
490, 526, 527, 
490, 527, 491, 
491, 527, 528, 
491, 528, 492, 
492, 528, 529, 
492, 529, 493, 
493, 529, 530, 
493, 530, 494, 
494, 530, 531, 
494, 531, 495, 
495, 531, 532, 
495, 532, 496, 
496, 532, 533, 
496, 533, 497, 
497, 533, 534, 
497, 534, 498, 
498, 534, 535, 
498, 535, 499, 
499, 535, 536, 
499, 536, 500, 
500, 536, 537, 
500, 537, 501, 
501, 537, 538, 
501, 538, 502, 
502, 538, 539, 
502, 539, 503, 
503, 539, 540, 
503, 540, 504, 
504, 540, 541, 
504, 541, 505, 
505, 541, 542, 
505, 542, 506, 
506, 542, 543, 
506, 543, 507, 
507, 543, 544, 
507, 544, 508, 
508, 544, 545, 
508, 545, 509, 
509, 545, 546, 
509, 546, 510, 
510, 546, 547, 
510, 547, 511, 
511, 547, 548, 
511, 548, 512, 
512, 548, 549, 
512, 549, 513, 
513, 549, 550, 
513, 550, 514, 
514, 550, 551, 
514, 551, 515, 
515, 551, 552, 
515, 552, 516, 
516, 552, 553, 
516, 553, 517, 
517, 553, 554, 
518, 555, 519, 
519, 555, 556, 
519, 556, 520, 
520, 556, 557, 
520, 557, 521, 
521, 557, 558, 
521, 558, 522, 
522, 558, 559, 
522, 559, 523, 
523, 559, 560, 
523, 560, 524, 
524, 560, 561, 
524, 561, 525, 
525, 561, 562, 
525, 562, 526, 
526, 562, 563, 
526, 563, 527, 
527, 563, 564, 
527, 564, 528, 
528, 564, 565, 
528, 565, 529, 
529, 565, 566, 
529, 566, 530, 
530, 566, 567, 
530, 567, 531, 
531, 567, 568, 
531, 568, 532, 
532, 568, 569, 
532, 569, 533, 
533, 569, 570, 
533, 570, 534, 
534, 570, 571, 
534, 571, 535, 
535, 571, 572, 
535, 572, 536, 
536, 572, 573, 
536, 573, 537, 
537, 573, 574, 
537, 574, 538, 
538, 574, 575, 
538, 575, 539, 
539, 575, 576, 
539, 576, 540, 
540, 576, 577, 
540, 577, 541, 
541, 577, 578, 
541, 578, 542, 
542, 578, 579, 
542, 579, 543, 
543, 579, 580, 
543, 580, 544, 
544, 580, 581, 
544, 581, 545, 
545, 581, 582, 
545, 582, 546, 
546, 582, 583, 
546, 583, 547, 
547, 583, 584, 
547, 584, 548, 
548, 584, 585, 
548, 585, 549, 
549, 585, 586, 
549, 586, 550, 
550, 586, 587, 
550, 587, 551, 
551, 587, 588, 
551, 588, 552, 
552, 588, 589, 
552, 589, 553, 
553, 589, 590, 
553, 590, 554, 
554, 590, 591, 
555, 592, 556, 
556, 592, 593, 
556, 593, 557, 
557, 593, 594, 
557, 594, 558, 
558, 594, 595, 
558, 595, 559, 
559, 595, 596, 
559, 596, 560, 
560, 596, 597, 
560, 597, 561, 
561, 597, 598, 
561, 598, 562, 
562, 598, 599, 
562, 599, 563, 
563, 599, 600, 
563, 600, 564, 
564, 600, 601, 
564, 601, 565, 
565, 601, 602, 
565, 602, 566, 
566, 602, 603, 
566, 603, 567, 
567, 603, 604, 
567, 604, 568, 
568, 604, 605, 
568, 605, 569, 
569, 605, 606, 
569, 606, 570, 
570, 606, 607, 
570, 607, 571, 
571, 607, 608, 
571, 608, 572, 
572, 608, 609, 
572, 609, 573, 
573, 609, 610, 
573, 610, 574, 
574, 610, 611, 
574, 611, 575, 
575, 611, 612, 
575, 612, 576, 
576, 612, 613, 
576, 613, 577, 
577, 613, 614, 
577, 614, 578, 
578, 614, 615, 
578, 615, 579, 
579, 615, 616, 
579, 616, 580, 
580, 616, 617, 
580, 617, 581, 
581, 617, 618, 
581, 618, 582, 
582, 618, 619, 
582, 619, 583, 
583, 619, 620, 
583, 620, 584, 
584, 620, 621, 
584, 621, 585, 
585, 621, 622, 
585, 622, 586, 
586, 622, 623, 
586, 623, 587, 
587, 623, 624, 
587, 624, 588, 
588, 624, 625, 
588, 625, 589, 
589, 625, 626, 
589, 626, 590, 
590, 626, 627, 
590, 627, 591, 
591, 627, 628, 
592, 629, 593, 
593, 629, 630, 
593, 630, 594, 
594, 630, 631, 
594, 631, 595, 
595, 631, 632, 
595, 632, 596, 
596, 632, 633, 
596, 633, 597, 
597, 633, 634, 
597, 634, 598, 
598, 634, 635, 
598, 635, 599, 
599, 635, 636, 
599, 636, 600, 
600, 636, 637, 
600, 637, 601, 
601, 637, 638, 
601, 638, 602, 
602, 638, 639, 
602, 639, 603, 
603, 639, 640, 
603, 640, 604, 
604, 640, 641, 
604, 641, 605, 
605, 641, 642, 
605, 642, 606, 
606, 642, 643, 
606, 643, 607, 
607, 643, 644, 
607, 644, 608, 
608, 644, 645, 
608, 645, 609, 
609, 645, 646, 
609, 646, 610, 
610, 646, 647, 
610, 647, 611, 
611, 647, 648, 
611, 648, 612, 
612, 648, 649, 
612, 649, 613, 
613, 649, 650, 
613, 650, 614, 
614, 650, 651, 
614, 651, 615, 
615, 651, 652, 
615, 652, 616, 
616, 652, 653, 
616, 653, 617, 
617, 653, 654, 
617, 654, 618, 
618, 654, 655, 
618, 655, 619, 
619, 655, 656, 
619, 656, 620, 
620, 656, 657, 
620, 657, 621, 
621, 657, 658, 
621, 658, 622, 
622, 658, 659, 
622, 659, 623, 
623, 659, 660, 
623, 660, 624, 
624, 660, 661, 
624, 661, 625, 
625, 661, 662, 
625, 662, 626, 
626, 662, 663, 
626, 663, 627, 
627, 663, 664, 
627, 664, 628, 
628, 664, 665, 
629, 666, 630, 
630, 667, 631, 
631, 668, 632, 
632, 669, 633, 
633, 670, 634, 
634, 671, 635, 
635, 672, 636, 
636, 673, 637, 
637, 674, 638, 
638, 675, 639, 
639, 676, 640, 
640, 677, 641, 
641, 678, 642, 
642, 679, 643, 
643, 680, 644, 
644, 681, 645, 
645, 682, 646, 
646, 683, 647, 
647, 684, 648, 
648, 685, 649, 
649, 686, 650, 
650, 687, 651, 
651, 688, 652, 
652, 689, 653, 
653, 690, 654, 
654, 691, 655, 
655, 692, 656, 
656, 693, 657, 
657, 694, 658, 
658, 695, 659, 
659, 696, 660, 
660, 697, 661, 
661, 698, 662, 
662, 699, 663, 
663, 700, 664, 
664, 701, 665, 
